7853981633974
4636476090008
2449786631269
1243549945468
0624188099960
0312398334303
0156237286205
0078123410601
0039062301320
0019531225165
0009765621896
0004882812112
0002441406201
0001220703119
0000610351562
0000305175781
0000152587891
0000076293945
0000038146973
0000019073486
0000009536743
0000004768372
0000002384186
0000001192093
0000000596046
0000000298023
0000000149012
0000000074506
0000000037253
0000000018626
0000000009313
0000000004657
0000000002328
0000000001164
0000000000582
0000000000291
0000000000146
0000000000073
0000000000036
0000000000018
0000000000009
